%YAML:1.0
---
type: IMU
name: imutest
Gyr:
   unit: " rad/s"
   avg-axis:
      gyr_n: 2.1102721148510165e-01
      gyr_w: 8.6448153777175113e-04
   x-axis:
      gyr_n: 2.0863707901486805e-01
      gyr_w: 8.9974886325153072e-04
   y-axis:
      gyr_n: 2.1209608343380992e-01
      gyr_w: 4.1655978355224907e-04
   z-axis:
      gyr_n: 2.1234847200662699e-01
      gyr_w: 1.2771359665114737e-03
Acc:
   unit: " m/s^2"
   avg-axis:
      acc_n: 2.6933546097675459e-01
      acc_w: 3.3561309705866676e-03
   x-axis:
      acc_n: 2.7029643434342754e-01
      acc_w: 3.4236211332829398e-03
   y-axis:
      acc_n: 2.6864327198109450e-01
      acc_w: 3.3404324172431133e-03
   z-axis:
      acc_n: 2.6906667660574174e-01
      acc_w: 3.3043393612339515e-03
